0.000000	0.428571
0.010000	0.428571
0.020000	0.428571
0.030000	0.428571
0.040000	0.428571
0.050000	0.428571
0.060000	0.428571
0.070000	0.361111
0.080000	0.361111
0.090000	0.361111
0.100000	0.361111
0.110000	0.361111
0.120000	0.361111
0.130000	0.361111
0.140000	0.361111
0.150000	0.361111
0.160000	0.361111
0.170000	0.361111
0.180000	0.361111
0.190000	0.361111
0.200000	0.361111
0.210000	0.361111
0.220000	0.361111
0.230000	0.361111
0.240000	0.361111
0.250000	0.361111
0.260000	0.361111
0.270000	0.361111
0.280000	0.361111
0.290000	0.361111
0.300000	0.277778
0.310000	0.277778
0.320000	0.277778
0.330000	0.277778
0.340000	0.277778
0.350000	0.273973
0.360000	0.273973
0.370000	0.273973
0.380000	0.273973
0.390000	0.273973
0.400000	0.273973
0.410000	0.273973
0.420000	0.273973
0.430000	0.273973
0.440000	0.273973
0.450000	0.273973
0.460000	0.244444
0.470000	0.244444
0.480000	0.244444
0.490000	0.244444
0.500000	0.244444
0.510000	0.228916
0.520000	0.228916
0.530000	0.228916
0.540000	0.228916
0.550000	0.228916
0.560000	0.228916
0.570000	0.228916
0.580000	0.228916
0.590000	0.228916
0.600000	0.228916
0.610000	0.228916
0.620000	0.228916
0.630000	0.228916
0.640000	0.228916
0.650000	0.228916
0.660000	0.228916
0.670000	0.228916
0.680000	0.228916
0.690000	0.228916
0.700000	0.228916
0.710000	0.228916
0.720000	0.228916
0.730000	0.228916
0.740000	0.228916
0.750000	0.228916
0.760000	0.228916
0.770000	0.228916
0.780000	0.228916
0.790000	0.228916
0.800000	0.228916
0.810000	0.228916
0.820000	0.228916
0.830000	0.228916
0.840000	0.228916
0.850000	0.228916
0.860000	0.228916
0.870000	0.228070
0.880000	0.228070
0.890000	0.223404
0.900000	0.223404
0.910000	0.223404
0.920000	0.223404
0.930000	0.223404
0.940000	0.223404
0.950000	0.223404
0.960000	0.220000
0.970000	0.220000
0.980000	0.220000
0.990000	0.220000
1.000000	0.220000
