0.000000	1.000000
0.010000	1.000000
0.020000	1.000000
0.030000	1.000000
0.040000	0.666667
0.050000	0.666667
0.060000	0.666667
0.070000	0.666667
0.080000	0.666667
0.090000	0.666667
0.100000	0.666667
0.110000	0.666667
0.120000	0.500000
0.130000	0.500000
0.140000	0.478261
0.150000	0.478261
0.160000	0.478261
0.170000	0.478261
0.180000	0.478261
0.190000	0.478261
0.200000	0.478261
0.210000	0.478261
0.220000	0.461538
0.230000	0.461538
0.240000	0.448276
0.250000	0.448276
0.260000	0.406780
0.270000	0.406780
0.280000	0.406780
0.290000	0.406780
0.300000	0.406780
0.310000	0.406780
0.320000	0.406780
0.330000	0.406780
0.340000	0.406780
0.350000	0.406780
0.360000	0.406780
0.370000	0.406780
0.380000	0.406780
0.390000	0.406780
0.400000	0.406780
0.410000	0.406780
0.420000	0.406780
0.430000	0.406780
0.440000	0.406780
0.450000	0.406780
0.460000	0.406780
0.470000	0.406780
0.480000	0.405797
0.490000	0.405797
0.500000	0.405797
0.510000	0.405797
0.520000	0.405797
0.530000	0.405797
0.540000	0.405797
0.550000	0.402778
0.560000	0.402778
0.570000	0.400000
0.580000	0.400000
0.590000	0.392405
0.600000	0.392405
0.610000	0.390805
0.620000	0.390805
0.630000	0.390805
0.640000	0.390805
0.650000	0.390805
0.660000	0.390805
0.670000	0.349515
0.680000	0.349515
0.690000	0.349515
0.700000	0.349515
0.710000	0.333333
0.720000	0.333333
0.730000	0.327586
0.740000	0.327586
0.750000	0.307087
0.760000	0.307087
0.770000	0.294118
0.780000	0.294118
0.790000	0.269737
0.800000	0.269737
0.810000	0.240000
0.820000	0.240000
0.830000	0.232432
0.840000	0.232432
0.850000	0.212560
0.860000	0.212560
0.870000	0.200893
0.880000	0.200893
0.890000	0.192469
0.900000	0.192469
0.910000	0.118090
0.920000	0.118090
0.930000	0.117359
0.940000	0.117359
0.950000	0.077409
0.960000	0.077409
0.970000	0.077160
0.980000	0.077160
0.990000	0.069767
1.000000	0.069767
