0.000000	1.000000
0.010000	1.000000
0.020000	1.000000
0.030000	1.000000
0.040000	1.000000
0.050000	1.000000
0.060000	1.000000
0.070000	1.000000
0.080000	1.000000
0.090000	1.000000
0.100000	1.000000
0.110000	1.000000
0.120000	1.000000
0.130000	1.000000
0.140000	1.000000
0.150000	0.976190
0.160000	0.976190
0.170000	0.976190
0.180000	0.976190
0.190000	0.976190
0.200000	0.976190
0.210000	0.976190
0.220000	0.976190
0.230000	0.976190
0.240000	0.976190
0.250000	0.966667
0.260000	0.966667
0.270000	0.966667
0.280000	0.966667
0.290000	0.966667
0.300000	0.966667
0.310000	0.966667
0.320000	0.966667
0.330000	0.966667
0.340000	0.966667
0.350000	0.938462
0.360000	0.938462
0.370000	0.914286
0.380000	0.914286
0.390000	0.873418
0.400000	0.873418
0.410000	0.873418
0.420000	0.865854
0.430000	0.863636
0.440000	0.863636
0.450000	0.863636
0.460000	0.855556
0.470000	0.806122
0.480000	0.770642
0.490000	0.770642
0.500000	0.770642
0.510000	0.763158
0.520000	0.763158
0.530000	0.733871
0.540000	0.733871
0.550000	0.716418
0.560000	0.716418
0.570000	0.716418
0.580000	0.702128
0.590000	0.702128
0.600000	0.691275
0.610000	0.691275
0.620000	0.684211
0.630000	0.675159
0.640000	0.668750
0.650000	0.664706
0.660000	0.664706
0.670000	0.664706
0.680000	0.647727
0.690000	0.631016
0.700000	0.631016
0.710000	0.626316
0.720000	0.611111
0.730000	0.606965
0.740000	0.592417
0.750000	0.591549
0.760000	0.587963
0.770000	0.575893
0.780000	0.559829
0.790000	0.554622
0.800000	0.546939
0.810000	0.509363
0.820000	0.496377
0.830000	0.486014
0.840000	0.465347
0.850000	0.458333
0.860000	0.457143
0.870000	0.452012
0.880000	0.450920
0.890000	0.441176
0.900000	0.405914
0.910000	0.383838
0.920000	0.368421
0.930000	0.326360
0.940000	0.323711
0.950000	0.194377
0.960000	0.000000
0.970000	0.000000
0.980000	0.000000
0.990000	0.000000
1.000000	0.000000
