0.000000	0.666667
0.010000	0.666667
0.020000	0.642857
0.030000	0.642857
0.040000	0.642857
0.050000	0.642857
0.060000	0.642857
0.070000	0.642857
0.080000	0.590909
0.090000	0.590909
0.100000	0.590909
0.110000	0.590909
0.120000	0.583333
0.130000	0.555556
0.140000	0.531250
0.150000	0.500000
0.160000	0.500000
0.170000	0.500000
0.180000	0.500000
0.190000	0.500000
0.200000	0.500000
0.210000	0.500000
0.220000	0.490909
0.230000	0.490909
0.240000	0.474576
0.250000	0.467742
0.260000	0.428571
0.270000	0.419753
0.280000	0.419753
0.290000	0.419753
0.300000	0.416667
0.310000	0.404494
0.320000	0.402174
0.330000	0.391753
0.340000	0.370370
0.350000	0.360000
0.360000	0.360000
0.370000	0.360000
0.380000	0.360000
0.390000	0.360000
0.400000	0.353846
0.410000	0.342857
0.420000	0.333333
0.430000	0.333333
0.440000	0.333333
0.450000	0.333333
0.460000	0.333333
0.470000	0.333333
0.480000	0.333333
0.490000	0.333333
0.500000	0.333333
0.510000	0.333333
0.520000	0.333333
0.530000	0.333333
0.540000	0.329843
0.550000	0.320000
0.560000	0.317757
0.570000	0.317757
0.580000	0.317757
0.590000	0.317757
0.600000	0.308036
0.610000	0.298755
0.620000	0.298755
0.630000	0.293173
0.640000	0.292490
0.650000	0.269231
0.660000	0.269231
0.670000	0.246914
0.680000	0.246914
0.690000	0.246914
0.700000	0.240356
0.710000	0.237143
0.720000	0.237143
0.730000	0.235450
0.740000	0.235450
0.750000	0.235450
0.760000	0.235450
0.770000	0.235450
0.780000	0.230769
0.790000	0.227500
0.800000	0.224390
0.810000	0.222749
0.820000	0.221445
0.830000	0.217195
0.840000	0.213187
0.850000	0.200409
0.860000	0.193359
0.870000	0.179078
0.880000	0.178010
0.890000	0.174281
0.900000	0.168285
0.910000	0.167464
0.920000	0.166667
0.930000	0.157122
0.940000	0.122358
0.950000	0.122358
0.960000	0.111446
0.970000	0.000000
0.980000	0.000000
0.990000	0.000000
1.000000	0.000000
