0.000000	0.375000
0.010000	0.375000
0.020000	0.375000
0.030000	0.291667
0.040000	0.291667
0.050000	0.291667
0.060000	0.285714
0.070000	0.285714
0.080000	0.285714
0.090000	0.266667
0.100000	0.243590
0.110000	0.243590
0.120000	0.243590
0.130000	0.243590
0.140000	0.243590
0.150000	0.243590
0.160000	0.215686
0.170000	0.215686
0.180000	0.215686
0.190000	0.215686
0.200000	0.215686
0.210000	0.215686
0.220000	0.215686
0.230000	0.215686
0.240000	0.215686
0.250000	0.215686
0.260000	0.215686
0.270000	0.204819
0.280000	0.204678
0.290000	0.202586
0.300000	0.202586
0.310000	0.202586
0.320000	0.202586
0.330000	0.202586
0.340000	0.202586
0.350000	0.202586
0.360000	0.202586
0.370000	0.202586
0.380000	0.202586
0.390000	0.197761
0.400000	0.197761
0.410000	0.197761
0.420000	0.197761
0.430000	0.197761
0.440000	0.183333
0.450000	0.181230
0.460000	0.180952
0.470000	0.177914
0.480000	0.167131
0.490000	0.160105
0.500000	0.157895
0.510000	0.157895
0.520000	0.155718
0.530000	0.145877
0.540000	0.145877
0.550000	0.145877
0.560000	0.145877
0.570000	0.142857
0.580000	0.142857
0.590000	0.139847
0.600000	0.137868
0.610000	0.133333
0.620000	0.133333
0.630000	0.133333
0.640000	0.126783
0.650000	0.126783
0.660000	0.125714
0.670000	0.125714
0.680000	0.125714
0.690000	0.125714
0.700000	0.125714
0.710000	0.125714
0.720000	0.121419
0.730000	0.121212
0.740000	0.121212
0.750000	0.121212
0.760000	0.121212
0.770000	0.121212
0.780000	0.121212
0.790000	0.121212
0.800000	0.121212
0.810000	0.121212
0.820000	0.116359
0.830000	0.108535
0.840000	0.000000
0.850000	0.000000
0.860000	0.000000
0.870000	0.000000
0.880000	0.000000
0.890000	0.000000
0.900000	0.000000
0.910000	0.000000
0.920000	0.000000
0.930000	0.000000
0.940000	0.000000
0.950000	0.000000
0.960000	0.000000
0.970000	0.000000
0.980000	0.000000
0.990000	0.000000
1.000000	0.000000
