0.000000	1.000000
0.010000	0.800000
0.020000	0.800000
0.030000	0.800000
0.040000	0.800000
0.050000	0.800000
0.060000	0.800000
0.070000	0.800000
0.080000	0.800000
0.090000	0.800000
0.100000	0.800000
0.110000	0.800000
0.120000	0.800000
0.130000	0.782609
0.140000	0.760000
0.150000	0.758621
0.160000	0.758621
0.170000	0.750000
0.180000	0.750000
0.190000	0.600000
0.200000	0.600000
0.210000	0.580000
0.220000	0.526316
0.230000	0.500000
0.240000	0.480000
0.250000	0.480000
0.260000	0.480000
0.270000	0.480000
0.280000	0.428571
0.290000	0.428571
0.300000	0.373913
0.310000	0.373913
0.320000	0.373913
0.330000	0.369748
0.340000	0.368852
0.350000	0.342657
0.360000	0.342657
0.370000	0.342657
0.380000	0.333333
0.390000	0.315152
0.400000	0.301676
0.410000	0.287958
0.420000	0.269231
0.430000	0.252174
0.440000	0.252101
0.450000	0.252101
0.460000	0.252033
0.470000	0.232472
0.480000	0.226950
0.490000	0.211039
0.500000	0.201201
0.510000	0.192737
0.520000	0.192737
0.530000	0.188679
0.540000	0.177340
0.550000	0.175481
0.560000	0.169336
0.570000	0.164882
0.580000	0.164882
0.590000	0.162162
0.600000	0.161943
0.610000	0.161034
0.620000	0.160156
0.630000	0.157303
0.640000	0.152057
0.650000	0.147513
0.660000	0.142395
0.670000	0.140187
0.680000	0.140187
0.690000	0.139818
0.700000	0.138806
0.710000	0.137830
0.720000	0.110727
0.730000	0.107561
0.740000	0.107561
0.750000	0.107561
0.760000	0.107561
0.770000	0.000000
0.780000	0.000000
0.790000	0.000000
0.800000	0.000000
0.810000	0.000000
0.820000	0.000000
0.830000	0.000000
0.840000	0.000000
0.850000	0.000000
0.860000	0.000000
0.870000	0.000000
0.880000	0.000000
0.890000	0.000000
0.900000	0.000000
0.910000	0.000000
0.920000	0.000000
0.930000	0.000000
0.940000	0.000000
0.950000	0.000000
0.960000	0.000000
0.970000	0.000000
0.980000	0.000000
0.990000	0.000000
1.000000	0.000000
