0.000000	1.000000
0.010000	1.000000
0.020000	0.750000
0.030000	0.750000
0.040000	0.750000
0.050000	0.708333
0.060000	0.708333
0.070000	0.708333
0.080000	0.708333
0.090000	0.708333
0.100000	0.708333
0.110000	0.708333
0.120000	0.708333
0.130000	0.708333
0.140000	0.708333
0.150000	0.708333
0.160000	0.708333
0.170000	0.708333
0.180000	0.708333
0.190000	0.708333
0.200000	0.708333
0.210000	0.708333
0.220000	0.708333
0.230000	0.708333
0.240000	0.708333
0.250000	0.708333
0.260000	0.708333
0.270000	0.708333
0.280000	0.655172
0.290000	0.655172
0.300000	0.655172
0.310000	0.571429
0.320000	0.571429
0.330000	0.567568
0.340000	0.564103
0.350000	0.564103
0.360000	0.560976
0.370000	0.560976
0.380000	0.510638
0.390000	0.462963
0.400000	0.462963
0.410000	0.457627
0.420000	0.457627
0.430000	0.457627
0.440000	0.424242
0.450000	0.424242
0.460000	0.394737
0.470000	0.394737
0.480000	0.394737
0.490000	0.378049
0.500000	0.378049
0.510000	0.333333
0.520000	0.290598
0.530000	0.290598
0.540000	0.290598
0.550000	0.282258
0.560000	0.282258
0.570000	0.264706
0.580000	0.264706
0.590000	0.212644
0.600000	0.203209
0.610000	0.203209
0.620000	0.165957
0.630000	0.158103
0.640000	0.158103
0.650000	0.152985
0.660000	0.152985
0.670000	0.152174
0.680000	0.138710
0.690000	0.138710
0.700000	0.126074
0.710000	0.114796
0.720000	0.114796
0.730000	0.095436
0.740000	0.095436
0.750000	0.081882
0.760000	0.080672
0.770000	0.080672
0.780000	0.078778
0.790000	0.078778
0.800000	0.050050
0.810000	0.000000
0.820000	0.000000
0.830000	0.000000
0.840000	0.000000
0.850000	0.000000
0.860000	0.000000
0.870000	0.000000
0.880000	0.000000
0.890000	0.000000
0.900000	0.000000
0.910000	0.000000
0.920000	0.000000
0.930000	0.000000
0.940000	0.000000
0.950000	0.000000
0.960000	0.000000
0.970000	0.000000
0.980000	0.000000
0.990000	0.000000
1.000000	0.000000
