0.000000	1.000000
0.010000	1.000000
0.020000	1.000000
0.030000	1.000000
0.040000	1.000000
0.050000	1.000000
0.060000	1.000000
0.070000	1.000000
0.080000	1.000000
0.090000	1.000000
0.100000	1.000000
0.110000	1.000000
0.120000	0.500000
0.130000	0.500000
0.140000	0.500000
0.150000	0.500000
0.160000	0.500000
0.170000	0.500000
0.180000	0.500000
0.190000	0.500000
0.200000	0.500000
0.210000	0.500000
0.220000	0.500000
0.230000	0.500000
0.240000	0.500000
0.250000	0.500000
0.260000	0.500000
0.270000	0.266667
0.280000	0.266667
0.290000	0.266667
0.300000	0.266667
0.310000	0.232558
0.320000	0.232558
0.330000	0.232558
0.340000	0.232558
0.350000	0.232558
0.360000	0.232558
0.370000	0.232558
0.380000	0.232558
0.390000	0.224490
0.400000	0.224490
0.410000	0.224490
0.420000	0.224490
0.430000	0.206897
0.440000	0.206897
0.450000	0.206897
0.460000	0.206897
0.470000	0.203125
0.480000	0.203125
0.490000	0.203125
0.500000	0.203125
0.510000	0.185185
0.520000	0.185185
0.530000	0.185185
0.540000	0.185185
0.550000	0.185185
0.560000	0.185185
0.570000	0.185185
0.580000	0.172043
0.590000	0.172043
0.600000	0.172043
0.610000	0.172043
0.620000	0.144068
0.630000	0.144068
0.640000	0.144068
0.650000	0.144068
0.660000	0.136364
0.670000	0.136364
0.680000	0.136364
0.690000	0.136364
0.700000	0.128378
0.710000	0.128378
0.720000	0.128378
0.730000	0.128378
0.740000	0.118343
0.750000	0.118343
0.760000	0.118343
0.770000	0.038391
0.780000	0.038391
0.790000	0.038391
0.800000	0.038391
0.810000	0.000000
0.820000	0.000000
0.830000	0.000000
0.840000	0.000000
0.850000	0.000000
0.860000	0.000000
0.870000	0.000000
0.880000	0.000000
0.890000	0.000000
0.900000	0.000000
0.910000	0.000000
0.920000	0.000000
0.930000	0.000000
0.940000	0.000000
0.950000	0.000000
0.960000	0.000000
0.970000	0.000000
0.980000	0.000000
0.990000	0.000000
1.000000	0.000000
