0.000000	1.000000
0.010000	1.000000
0.020000	1.000000
0.030000	1.000000
0.040000	1.000000
0.050000	1.000000
0.060000	1.000000
0.070000	1.000000
0.080000	0.933333
0.090000	0.933333
0.100000	0.933333
0.110000	0.933333
0.120000	0.933333
0.130000	0.933333
0.140000	0.933333
0.150000	0.916667
0.160000	0.916667
0.170000	0.916667
0.180000	0.916667
0.190000	0.916667
0.200000	0.916667
0.210000	0.916667
0.220000	0.916667
0.230000	0.916667
0.240000	0.896552
0.250000	0.896552
0.260000	0.896552
0.270000	0.896552
0.280000	0.888889
0.290000	0.888889
0.300000	0.888889
0.310000	0.888889
0.320000	0.888889
0.330000	0.888889
0.340000	0.888889
0.350000	0.880952
0.360000	0.880952
0.370000	0.880952
0.380000	0.880952
0.390000	0.880952
0.400000	0.869565
0.410000	0.869565
0.420000	0.869565
0.430000	0.818182
0.440000	0.818182
0.450000	0.818182
0.460000	0.818182
0.470000	0.818182
0.480000	0.761905
0.490000	0.761905
0.500000	0.761905
0.510000	0.761905
0.520000	0.757576
0.530000	0.757576
0.540000	0.728571
0.550000	0.712329
0.560000	0.658537
0.570000	0.658537
0.580000	0.597826
0.590000	0.593750
0.600000	0.593750
0.610000	0.504274
0.620000	0.504274
0.630000	0.476190
0.640000	0.432624
0.650000	0.422078
0.660000	0.422078
0.670000	0.422078
0.680000	0.422078
0.690000	0.422078
0.700000	0.420382
0.710000	0.400000
0.720000	0.400000
0.730000	0.397727
0.740000	0.397727
0.750000	0.373684
0.760000	0.371134
0.770000	0.366337
0.780000	0.366337
0.790000	0.342466
0.800000	0.337719
0.810000	0.337719
0.820000	0.331915
0.830000	0.305019
0.840000	0.305019
0.850000	0.281690
0.860000	0.281250
0.870000	0.252308
0.880000	0.210660
0.890000	0.199052
0.900000	0.185590
0.910000	0.185106
0.920000	0.185106
0.930000	0.180698
0.940000	0.145161
0.950000	0.145161
0.960000	0.113325
0.970000	0.000000
0.980000	0.000000
0.990000	0.000000
1.000000	0.000000
