0.000000	0.500000
0.010000	0.500000
0.020000	0.500000
0.030000	0.500000
0.040000	0.500000
0.050000	0.500000
0.060000	0.500000
0.070000	0.500000
0.080000	0.500000
0.090000	0.500000
0.100000	0.500000
0.110000	0.500000
0.120000	0.500000
0.130000	0.500000
0.140000	0.500000
0.150000	0.500000
0.160000	0.500000
0.170000	0.500000
0.180000	0.500000
0.190000	0.500000
0.200000	0.500000
0.210000	0.500000
0.220000	0.500000
0.230000	0.500000
0.240000	0.488372
0.250000	0.458333
0.260000	0.433962
0.270000	0.433962
0.280000	0.428571
0.290000	0.426230
0.300000	0.426230
0.310000	0.402985
0.320000	0.400000
0.330000	0.384615
0.340000	0.384615
0.350000	0.384615
0.360000	0.384615
0.370000	0.384615
0.380000	0.384615
0.390000	0.384615
0.400000	0.384615
0.410000	0.384615
0.420000	0.382979
0.430000	0.373737
0.440000	0.357798
0.450000	0.357798
0.460000	0.356522
0.470000	0.356522
0.480000	0.356522
0.490000	0.354839
0.500000	0.354839
0.510000	0.354839
0.520000	0.346154
0.530000	0.330986
0.540000	0.330986
0.550000	0.330986
0.560000	0.296512
0.570000	0.296512
0.580000	0.296512
0.590000	0.296512
0.600000	0.296512
0.610000	0.286408
0.620000	0.286408
0.630000	0.286408
0.640000	0.286408
0.650000	0.286408
0.660000	0.286408
0.670000	0.286408
0.680000	0.286408
0.690000	0.286408
0.700000	0.276498
0.710000	0.276018
0.720000	0.275556
0.730000	0.273913
0.740000	0.273913
0.750000	0.264368
0.760000	0.264368
0.770000	0.264368
0.780000	0.264368
0.790000	0.264368
0.800000	0.264368
0.810000	0.264368
0.820000	0.261993
0.830000	0.261993
0.840000	0.254417
0.850000	0.250000
0.860000	0.239482
0.870000	0.239482
0.880000	0.235110
0.890000	0.226190
0.900000	0.210959
0.910000	0.207447
0.920000	0.193627
0.930000	0.182232
0.940000	0.182232
0.950000	0.173448
0.960000	0.166333
0.970000	0.166333
0.980000	0.128049
0.990000	0.089380
1.000000	0.089380
